{"n":23818,"method":"Spearman rank correlation over complete-case ZCTAs; ordered by average-linkage hierarchical clustering on 1 - rho with optimal leaf ordering.","ids":["binge","no_checkup","depression","obesity","teethlost","disability","ghlth","phlth","inactivity","smoking","bphigh","stroke","chd","copd","diabetes","uninsured","housing_insecurity","food_insecurity","transport_barriers","utility_threat","no_dental_visit","mhlth","short_sleep","loneliness","low_social_support","cancer"],"labels":["Binge drinking","No checkup","Depression","Obesity","Teeth lost","Disability","Fair/poor health","Poor physical health","Inactivity","Smoking","High BP","Stroke","Heart disease","COPD","Diabetes","Uninsured","Housing insecurity","Food insecurity","Transport barriers","Utility threat","No dental visit","Poor mental health","Short sleep","Loneliness","Low support","Cancer"],"topics":["Health behaviors","Access & prevention","Mental & functional health","Health behaviors","Health outcomes","Mental & functional health","Mental & functional health","Mental & functional health","Health behaviors","Health behaviors","Health outcomes","Health outcomes","Health outcomes","Health outcomes","Health outcomes","Access & prevention","Health-related needs","Health-related needs","Health-related needs","Health-related needs","Access & prevention","Mental & functional health","Health behaviors","Health-related needs","Health-related needs","Health outcomes"],"matrix":[[1.0,0.4,-0.09,-0.22,-0.44,-0.58,-0.54,-0.55,-0.47,-0.29,-0.62,-0.61,-0.54,-0.5,-0.64,-0.41,-0.36,-0.41,-0.38,-0.42,-0.41,-0.2,-0.33,-0.18,-0.21,-0.14],[0.4,1.0,-0.07,-0.19,-0.12,-0.14,-0.08,-0.19,-0.17,-0.13,-0.54,-0.36,-0.39,-0.37,-0.34,0.24,0.1,0.07,0.1,-0.01,0.03,0.06,-0.13,0.13,0.11,-0.43],[-0.09,-0.07,1.0,0.3,0.36,0.42,0.31,0.39,0.25,0.46,0.24,0.21,0.26,0.43,0.21,0.12,0.2,0.23,0.28,0.33,0.25,0.62,0.2,0.21,0.0,0.04],[-0.22,-0.19,0.3,1.0,0.66,0.66,0.66,0.65,0.76,0.81,0.66,0.63,0.57,0.69,0.7,0.46,0.47,0.54,0.5,0.6,0.62,0.54,0.47,0.23,0.27,-0.04],[-0.44,-0.12,0.36,0.66,1.0,0.83,0.85,0.81,0.82,0.82,0.63,0.71,0.6,0.75,0.75,0.7,0.72,0.78,0.78,0.81,0.86,0.74,0.64,0.47,0.5,-0.14],[-0.58,-0.14,0.42,0.66,0.83,1.0,0.93,0.92,0.87,0.83,0.76,0.85,0.76,0.85,0.85,0.69,0.65,0.75,0.74,0.76,0.81,0.67,0.51,0.35,0.41,0.03],[-0.54,-0.08,0.31,0.66,0.85,0.93,1.0,0.93,0.9,0.83,0.7,0.81,0.67,0.79,0.88,0.77,0.79,0.87,0.85,0.85,0.88,0.72,0.63,0.51,0.59,-0.12],[-0.55,-0.19,0.39,0.65,0.81,0.92,0.93,1.0,0.86,0.86,0.78,0.89,0.82,0.91,0.88,0.61,0.62,0.71,0.69,0.73,0.77,0.66,0.53,0.33,0.4,0.12],[-0.47,-0.17,0.25,0.76,0.82,0.87,0.9,0.86,1.0,0.86,0.71,0.79,0.68,0.78,0.86,0.7,0.7,0.78,0.74,0.78,0.83,0.63,0.61,0.39,0.45,-0.07],[-0.29,-0.13,0.46,0.81,0.82,0.83,0.83,0.86,0.86,1.0,0.71,0.76,0.7,0.87,0.78,0.57,0.6,0.68,0.67,0.73,0.77,0.73,0.55,0.33,0.38,-0.01],[-0.62,-0.54,0.24,0.66,0.63,0.76,0.7,0.78,0.71,0.71,1.0,0.91,0.89,0.88,0.89,0.35,0.31,0.43,0.38,0.47,0.55,0.34,0.36,0.07,0.17,0.39],[-0.61,-0.36,0.21,0.63,0.71,0.85,0.81,0.89,0.79,0.76,0.91,1.0,0.93,0.91,0.93,0.48,0.44,0.56,0.53,0.56,0.64,0.4,0.36,0.13,0.27,0.32],[-0.54,-0.39,0.26,0.57,0.6,0.76,0.67,0.82,0.68,0.7,0.89,0.93,1.0,0.92,0.84,0.3,0.21,0.35,0.31,0.36,0.48,0.28,0.19,-0.07,0.06,0.54],[-0.5,-0.37,0.43,0.69,0.75,0.85,0.79,0.91,0.78,0.87,0.88,0.91,0.92,1.0,0.86,0.42,0.41,0.52,0.5,0.57,0.64,0.54,0.4,0.13,0.21,0.34],[-0.64,-0.34,0.21,0.7,0.75,0.85,0.88,0.88,0.86,0.78,0.89,0.93,0.84,0.86,1.0,0.58,0.56,0.67,0.61,0.67,0.72,0.48,0.5,0.28,0.37,0.14],[-0.41,0.24,0.12,0.46,0.7,0.69,0.77,0.61,0.7,0.57,0.35,0.48,0.3,0.42,0.58,1.0,0.81,0.84,0.83,0.8,0.81,0.6,0.55,0.55,0.58,-0.44],[-0.36,0.1,0.2,0.47,0.72,0.65,0.79,0.62,0.7,0.6,0.31,0.44,0.21,0.41,0.56,0.81,1.0,0.97,0.97,0.94,0.84,0.77,0.76,0.76,0.8,-0.58],[-0.41,0.07,0.23,0.54,0.78,0.75,0.87,0.71,0.78,0.68,0.43,0.56,0.35,0.52,0.67,0.84,0.97,1.0,0.98,0.95,0.88,0.77,0.72,0.71,0.78,-0.48],[-0.38,0.1,0.28,0.5,0.78,0.74,0.85,0.69,0.74,0.67,0.38,0.53,0.31,0.5,0.61,0.83,0.97,0.98,1.0,0.95,0.87,0.81,0.71,0.73,0.76,-0.5],[-0.42,-0.01,0.33,0.6,0.81,0.76,0.85,0.73,0.78,0.73,0.47,0.56,0.36,0.57,0.67,0.8,0.94,0.95,0.95,1.0,0.87,0.82,0.76,0.67,0.7,-0.44],[-0.41,0.03,0.25,0.62,0.86,0.81,0.88,0.77,0.83,0.77,0.55,0.64,0.48,0.64,0.72,0.81,0.84,0.88,0.87,0.87,1.0,0.74,0.72,0.58,0.64,-0.3],[-0.2,0.06,0.62,0.54,0.74,0.67,0.72,0.66,0.63,0.73,0.34,0.4,0.28,0.54,0.48,0.6,0.77,0.77,0.81,0.82,0.74,1.0,0.69,0.7,0.59,-0.4],[-0.33,-0.13,0.2,0.47,0.64,0.51,0.63,0.53,0.61,0.55,0.36,0.36,0.19,0.4,0.5,0.55,0.76,0.72,0.71,0.76,0.72,0.69,1.0,0.64,0.62,-0.43],[-0.18,0.13,0.21,0.23,0.47,0.35,0.51,0.33,0.39,0.33,0.07,0.13,-0.07,0.13,0.28,0.55,0.76,0.71,0.73,0.67,0.58,0.7,0.64,1.0,0.78,-0.66],[-0.21,0.11,0.0,0.27,0.5,0.41,0.59,0.4,0.45,0.38,0.17,0.27,0.06,0.21,0.37,0.58,0.8,0.78,0.76,0.7,0.64,0.59,0.62,0.78,1.0,-0.57],[-0.14,-0.43,0.04,-0.04,-0.14,0.03,-0.12,0.12,-0.07,-0.01,0.39,0.32,0.54,0.34,0.14,-0.44,-0.58,-0.48,-0.5,-0.44,-0.3,-0.4,-0.43,-0.66,-0.57,1.0]],"context_keys":["adi","income","poverty","college","unemployed","age65","black","hispanic","density","home_value"],"context_labels":["ADI national rank","Median household income","Poverty rate","College graduates","Unemployment","Adults 65+","Black population share","Hispanic population share","Population density","Median home value"],"context_higher":["more deprived","higher income","more poverty","more college graduates","more unemployment","older population","larger Black share","larger Hispanic share","denser","higher home value"],"context_matrix":[[-0.27,0.38,-0.27,0.26,-0.22,-0.25,-0.17,0.03,0.1,0.16],[-0.21,0.06,0.02,0.09,-0.02,-0.37,-0.11,0.37,0.03,0.11],[0.31,-0.29,0.17,-0.28,0.06,-0.03,-0.14,-0.25,-0.08,-0.27],[0.76,-0.59,0.38,-0.61,0.15,0.03,0.01,-0.31,-0.37,-0.72],[0.72,-0.75,0.55,-0.67,0.31,-0.01,0.1,-0.16,-0.25,-0.64],[0.71,-0.76,0.52,-0.65,0.28,0.15,0.01,-0.18,-0.38,-0.62],[0.67,-0.77,0.58,-0.69,0.36,0.04,0.11,-0.07,-0.26,-0.58],[0.71,-0.74,0.5,-0.7,0.28,0.19,-0.07,-0.22,-0.4,-0.6],[0.74,-0.73,0.53,-0.72,0.27,0.07,0.08,-0.15,-0.3,-0.66],[0.8,-0.71,0.47,-0.72,0.22,0.06,-0.06,-0.32,-0.4,-0.73],[0.7,-0.57,0.31,-0.53,0.14,0.41,-0.03,-0.41,-0.47,-0.6],[0.71,-0.68,0.41,-0.57,0.21,0.39,-0.05,-0.31,-0.5,-0.61],[0.69,-0.58,0.27,-0.52,0.08,0.51,-0.25,-0.41,-0.6,-0.6],[0.79,-0.67,0.38,-0.63,0.17,0.33,-0.16,-0.41,-0.5,-0.68],[0.7,-0.7,0.47,-0.64,0.26,0.25,0.05,-0.23,-0.37,-0.6],[0.45,-0.63,0.54,-0.53,0.33,-0.2,0.29,0.22,-0.07,-0.41],[0.45,-0.61,0.6,-0.52,0.45,-0.29,0.42,0.21,0.09,-0.37],[0.53,-0.68,0.62,-0.58,0.44,-0.21,0.35,0.14,-0.0,-0.45],[0.51,-0.68,0.62,-0.55,0.44,-0.24,0.36,0.14,0.01,-0.43],[0.58,-0.68,0.61,-0.58,0.42,-0.21,0.33,0.06,-0.03,-0.5],[0.66,-0.73,0.59,-0.65,0.36,-0.11,0.18,-0.03,-0.18,-0.58],[0.54,-0.62,0.52,-0.57,0.36,-0.26,0.17,-0.07,-0.01,-0.48],[0.42,-0.48,0.46,-0.51,0.38,-0.24,0.33,0.01,0.11,-0.35],[0.21,-0.36,0.44,-0.33,0.4,-0.39,0.47,0.21,0.32,-0.16],[0.29,-0.42,0.46,-0.37,0.42,-0.29,0.39,0.24,0.15,-0.23],[0.1,0.08,-0.28,0.05,-0.27,0.67,-0.53,-0.43,-0.47,-0.08]],"top_pairs":[{"a":"food_insecurity","b":"transport_barriers","rho":0.98,"a_label":"Food insecurity","b_label":"Transport barriers"},{"a":"food_insecurity","b":"housing_insecurity","rho":0.97,"a_label":"Food insecurity","b_label":"Housing insecurity"},{"a":"housing_insecurity","b":"transport_barriers","rho":0.97,"a_label":"Housing insecurity","b_label":"Transport barriers"},{"a":"transport_barriers","b":"utility_threat","rho":0.95,"a_label":"Transport barriers","b_label":"Utility threat"},{"a":"food_insecurity","b":"utility_threat","rho":0.95,"a_label":"Food insecurity","b_label":"Utility threat"},{"a":"housing_insecurity","b":"utility_threat","rho":0.94,"a_label":"Housing insecurity","b_label":"Utility threat"},{"a":"chd","b":"stroke","rho":0.93,"a_label":"Heart disease","b_label":"Stroke"},{"a":"phlth","b":"ghlth","rho":0.93,"a_label":"Poor physical health","b_label":"Fair/poor health"},{"a":"diabetes","b":"stroke","rho":0.93,"a_label":"Diabetes","b_label":"Stroke"},{"a":"ghlth","b":"disability","rho":0.93,"a_label":"Fair/poor health","b_label":"Disability"},{"a":"phlth","b":"disability","rho":0.92,"a_label":"Poor physical health","b_label":"Disability"},{"a":"chd","b":"copd","rho":0.92,"a_label":"Heart disease","b_label":"COPD"}],"generated_at":"2026-06-11T01:43:50.283574Z"}